0 : [
  -1, -1, -1, -1,
  -1, -1, -1, -1
]
1 : [
   2, -1, -1, -1,
  -1, -1, -1, -1
]
2 : [
   2,  7, -1, -1,
  -1, -1, -1, -1
]
3 : [
   2,  7,  3, -1,
  -1, -1, -1, -1
]
4 : [
   2,  7,  3,  1,
  -1, -1, -1, -1
]
4 : [
   2,  7,  3,  0,
  -1, -1, -1, -1
]
4 : [
   2,  7,  3,  6,
  -1, -1, -1, -1
]
5 : [
  2,  7,  3,  6,
  0, -1, -1, -1
]
6 : [
  2, 7,  3,  6,
  0, 5, -1, -1
]
7 : [
  2, 7, 3,  6,
  0, 5, 1, -1
]
8 : [
  2, 7, 3, 6,
  0, 5, 1, 4
]
[
  2, 7, 3, 6,
  0, 5, 1, 4
]
0
Una solucion tarda: 6.068ms
