######Despues de mover
4 3 3 4 Q 3 Q 4 
2 3 2 3 3 Q 3 4 
1 1 3 1 5 3 4 Q 
2 3 2 Q 3 3 3 4 
4 2 6 3 4 2 2 0 
2 6 2 2 1 2 2 1 
Q Q Q 4 4 5 5 4 
2 3 2 2 2 1 1 2 
######Despues de mover
4 3 3 3 Q 4 0 4 
2 3 2 3 2 Q 4 4 
2 2 4 2 6 3 5 Q 
2 3 2 Q 3 3 3 4 
3 1 5 2 3 2 1 1 
2 6 2 2 2 2 Q 1 
Q Q Q 5 4 4 5 4 
2 3 3 2 1 1 1 2 
######Despues de mover
3 3 2 2 Q 3 5 3 
2 3 3 3 2 Q 4 3 
2 2 4 3 5 3 5 Q 
2 3 2 Q 4 3 3 4 
3 1 4 2 3 3 Q 2 
3 6 3 3 3 3 0 2 
Q Q Q 5 4 5 5 5 
2 3 3 2 2 1 1 2 
######Despues de mover
3 2 3 2 Q 3 5 3 
2 3 2 4 2 Q 4 3 
2 2 4 2 6 3 5 Q 
2 3 2 Q 3 4 3 5 
4 2 5 3 4 3 0 2 
2 5 2 2 2 3 Q 2 
Q Q Q 5 5 4 5 4 
2 3 3 3 1 1 1 2 
######Despues de mover
3 3 2 2 Q 3 5 3 
2 3 3 3 2 Q 4 3 
2 2 4 3 5 3 5 Q 
2 3 2 Q 4 3 3 4 
3 1 4 2 3 3 Q 2 
3 6 3 3 3 3 0 2 
Q Q Q 5 4 5 5 5 
2 3 3 2 2 1 1 2 
######Despues de mover
3 2 3 2 0 3 5 3 
2 3 2 4 2 Q 4 3 
2 2 4 2 6 3 5 Q 
2 3 2 Q 3 4 3 5 
4 2 5 3 4 3 Q 2 
2 5 2 2 2 3 1 2 
Q Q Q 5 5 4 5 4 
2 3 3 3 Q 1 1 2 
######Despues de mover
2 Q 2 1 2 2 4 2 
2 3 2 3 2 Q 4 3 
2 2 3 2 6 3 4 Q 
3 2 2 Q 3 4 3 4 
3 3 5 3 4 3 Q 3 
2 5 3 2 2 3 2 2 
Q 0 Q 6 5 5 5 4 
3 4 4 4 Q 2 2 3 
######Despues de mover
3 Q 3 2 3 3 5 2 
3 3 3 3 2 Q 3 3 
2 2 3 3 6 2 4 Q 
3 2 2 Q 3 4 3 4 
3 3 5 2 4 4 Q 3 
Q 5 2 2 2 3 3 2 
0 3 Q 5 4 4 4 4 
2 4 3 4 Q 2 2 3 
######Despues de mover
3 Q 3 2 3 4 4 2 
3 3 3 3 3 Q 3 3 
2 2 3 4 5 2 4 Q 
3 2 3 0 3 4 3 4 
3 4 4 Q 4 4 Q 3 
Q 5 3 3 3 4 4 3 
4 3 Q 4 3 3 3 3 
2 3 4 4 Q 2 2 3 
######Despues de mover
2 0 3 2 3 4 3 3 
4 2 3 3 3 Q 4 3 
2 3 2 4 4 3 4 Q 
2 Q 3 2 3 3 2 3 
4 5 4 Q 4 5 Q 4 
Q 4 4 3 4 3 4 3 
3 4 Q 4 3 4 2 3 
3 3 4 4 Q 2 3 2 
######Despues de mover
1 Q 2 1 3 3 2 2 
3 2 2 4 3 Q 4 3 
3 3 3 3 4 3 4 Q 
3 0 4 3 3 4 3 4 
5 5 5 Q 4 4 Q 4 
Q 4 4 4 4 3 3 3 
3 4 Q 4 4 4 2 2 
3 3 4 4 Q 3 3 2 
######Despues de mover
2 0 3 2 3 4 3 3 
4 2 3 3 3 Q 4 3 
2 3 2 4 4 3 4 Q 
2 Q 3 2 3 3 2 3 
4 5 4 Q 4 5 Q 4 
Q 4 4 3 4 3 4 3 
3 4 Q 4 3 4 2 3 
3 3 4 4 Q 2 3 2 
######Despues de mover
Q 1 2 1 3 3 2 2 
3 2 2 4 3 Q 4 3 
3 3 3 3 4 3 4 Q 
3 Q 4 3 3 4 3 4 
5 5 5 Q 4 4 Q 4 
0 4 4 4 4 3 3 3 
3 4 Q 4 4 4 2 2 
3 3 4 4 Q 3 3 2 
######Despues de mover
0 2 3 2 4 3 3 3 
3 3 2 4 2 Q 4 3 
3 3 4 2 4 3 4 Q 
3 Q 3 4 3 4 3 4 
5 4 5 Q 5 4 Q 4 
Q 3 3 3 3 3 2 2 
3 3 Q 4 4 4 3 2 
3 3 3 4 Q 3 3 3 
######Despues de mover
Q 1 2 1 3 3 2 2 
3 2 2 4 3 Q 4 3 
3 3 3 3 4 3 4 Q 
3 Q 4 3 3 4 3 4 
5 5 5 Q 4 4 Q 4 
0 4 4 4 4 3 3 3 
3 4 Q 4 4 4 2 2 
3 3 4 4 Q 3 3 2 
######Despues de mover
0 2 3 2 4 3 3 3 
3 3 2 4 2 Q 4 3 
3 3 4 2 4 3 4 Q 
3 Q 3 4 3 4 3 4 
5 4 5 Q 5 4 Q 4 
Q 3 3 3 3 3 2 2 
3 3 Q 4 4 4 3 2 
3 3 3 4 Q 3 3 3 
######Despues de mover
1 Q 2 1 3 3 2 2 
3 2 2 4 3 Q 4 3 
3 3 3 3 4 3 4 Q 
3 0 4 3 3 4 3 4 
5 5 5 Q 4 4 Q 4 
Q 4 4 4 4 3 3 3 
3 4 Q 4 4 4 2 2 
3 3 4 4 Q 3 3 2 
######Despues de mover
2 0 3 2 3 4 3 3 
4 2 3 3 3 Q 4 3 
2 3 2 4 4 3 4 Q 
2 Q 3 2 3 3 2 3 
4 5 4 Q 4 5 Q 4 
Q 4 4 3 4 3 4 3 
3 4 Q 4 3 4 2 3 
3 3 4 4 Q 2 3 2 
######Despues de mover
1 Q 2 1 3 3 2 2 
3 2 2 4 3 Q 4 3 
3 3 3 3 4 3 4 Q 
3 0 4 3 3 4 3 4 
5 5 5 Q 4 4 Q 4 
Q 4 4 4 4 3 3 3 
3 4 Q 4 4 4 2 2 
3 3 4 4 Q 3 3 2 
######Despues de mover
2 0 3 2 3 4 3 3 
4 2 3 3 3 Q 4 3 
2 3 2 4 4 3 4 Q 
2 Q 3 2 3 3 2 3 
4 5 4 Q 4 5 Q 4 
Q 4 4 3 4 3 4 3 
3 4 Q 4 3 4 2 3 
3 3 4 4 Q 2 3 2 
######Despues de mover
1 Q 2 1 3 3 2 2 
3 2 2 4 3 Q 4 3 
3 3 3 3 4 3 4 Q 
3 0 4 3 3 4 3 4 
5 5 5 Q 4 4 Q 4 
Q 4 4 4 4 3 3 3 
3 4 Q 4 4 4 2 2 
3 3 4 4 Q 3 3 2 
######Despues de mover
2 0 3 2 3 4 3 3 
4 2 3 3 3 Q 4 3 
2 3 2 4 4 3 4 Q 
2 Q 3 2 3 3 2 3 
4 5 4 Q 4 5 Q 4 
Q 4 4 3 4 3 4 3 
3 4 Q 4 3 4 2 3 
3 3 4 4 Q 2 3 2 
######Despues de mover
Q 1 2 1 3 3 2 2 
3 2 2 4 3 Q 4 3 
3 3 3 3 4 3 4 Q 
3 Q 4 3 3 4 3 4 
5 5 5 Q 4 4 Q 4 
0 4 4 4 4 3 3 3 
3 4 Q 4 4 4 2 2 
3 3 4 4 Q 3 3 2 
######Despues de mover
0 2 3 2 4 3 3 3 
3 3 2 4 2 Q 4 3 
3 3 4 2 4 3 4 Q 
3 Q 3 4 3 4 3 4 
5 4 5 Q 5 4 Q 4 
Q 3 3 3 3 3 2 2 
3 3 Q 4 4 4 3 2 
3 3 3 4 Q 3 3 3 
######Despues de mover
1 Q 2 1 3 3 2 2 
3 2 2 4 3 Q 4 3 
3 3 3 3 4 3 4 Q 
3 0 4 3 3 4 3 4 
5 5 5 Q 4 4 Q 4 
Q 4 4 4 4 3 3 3 
3 4 Q 4 4 4 2 2 
3 3 4 4 Q 3 3 2 
######Despues de mover
2 0 3 2 3 4 3 3 
4 2 3 3 3 Q 4 3 
2 3 2 4 4 3 4 Q 
2 Q 3 2 3 3 2 3 
4 5 4 Q 4 5 Q 4 
Q 4 4 3 4 3 4 3 
3 4 Q 4 3 4 2 3 
3 3 4 4 Q 2 3 2 
######Despues de mover
1 1 2 Q 3 3 2 2 
3 2 2 4 3 Q 4 3 
3 3 3 3 4 3 4 Q 
3 Q 4 3 3 4 3 4 
5 5 5 0 4 4 Q 4 
Q 4 4 4 4 3 3 3 
3 4 Q 4 4 4 2 2 
3 3 4 4 Q 3 3 2 
Nodes:  27
Time:  0.03156612300517736
